28
28
0
0
0
0
0
0
0
0
0
0
0
0
0
0
0
0
0
0
0
0
0
0
0
0
0
0
0
0
0
0
0
0
0
0
0
0
0
0
0
0
0
0
0
0
0
0
0
0
0
0
0
0
0
0
0
0
0
0
0
0
0
0
0
0
0
0
0
0
0
0
0
0
0
0
0
0
0
0
0
0
0
0
0
0
0
0
0
0
0
0
0
0
0
0
0
0
0
0
0
0
0
0
0
0
0
0
0
0
0
0
0
0
0
0
0
0
0
0
0
0
0
0
0
0
0
0
0
0
0
0
0
0
0
0
0
0
0
0
0
0
0
0
0
0
0
0
0
0
0
0
0
0
0
0
0
0
0
0
0
0
0
0
0
0
0
0
0
0
0
0
0
0
0
0
0
0.77
0.98
0.98
0.98
0.98
0.98
0.98
0.98
0.98
0.98
0.98
0.98
0
0
0
0
0
0
0
0
0
0
0
0
0
0
0
0
0.78
1.00
1.00
1.00
1.00
1.00
1.00
1.00
1.00
1.00
1.00
1.00
0.99
1.00
1.00
1.00
0
0
0
0
0
0
0
0
0
0
0
0
0.80
1.00
1.00
0
0
0
0
0
0
0
0
0.94
0.95
0.95
0.95
0.95
0
0
0
0
0
0
0
0
0
0
0
0
1.00
1.00
0
0
0
0
0
0
0
0
0
0
0
0
0
0
0
0
0
0
0
0
0
0
0
0
0
0
0.99
1.00
0
0
0
0
0
0
0
0
0
0
0
0
0
0
0
0
0
0
0
0
0
0
0
0
0
0
1.00
1.00
0
0
0
0
0
0
0
0
0
0
0
0
0
0
0
0
0
0
0
0
0
0
0
0
0
1.00
1.00
0.64
0
0
0
0
0
0
0
0
0
0
0
0
0
0
0
0
0
0
0
0
0
0
0
0
0
1.00
1.00
0.64
0
0
0
0
0
0
0
0
0
0
0
0
0
0
0
0
0
0
0
0
0
0
0
0
0
1.00
1.00
0.53
1.00
1.00
1.00
1.00
1.00
1.00
1.00
1.00
1.00
0
0
0
0
0
0
0
0
0
0
0
0
0
0
0
0
1.00
1.00
1.00
1.00
1.00
1.00
1.00
1.00
1.00
1.00
1.00
1.00
1.00
1.00
0
0
0
0
0
0
0
0
0
0
0
0
0
0
0.66
0.66
0.66
0.66
0
0
0
0
0
0
0
0.83
1.00
1.00
0.79
0
0
0
0
0
0
0
0
0
0
0
0
0
0
0
0
0
0
0
0
0
0
0
0
0
0
1.00
0.79
0
0
0
0
0
0
0
0
0
0
0
0
0
0
0
0
0
0
0.41
0.41
0
0
0
0
0
1.00
1.00
0.79
0
0
0
0
0
0
0
0
0
0
0
0
0
0
0
0
0
0.50
1.00
1.00
0
0
0
0
0.47
1.00
0.99
0.78
0
0
0
0
0
0
0
0
0
0
0
0
0
0
0
0
0
0.50
1.00
1.00
0.99
1.00
1.00
0.99
1.00
1.00
1.00
0
0
0
0
0
0
0
0
0
0
0
0
0
0
0
0
0
0
0
0
0.98
0.98
1.00
1.00
0.99
1.00
0.98
0
0
0
0
0
0
0
0
0
0
0
0
0
0
0
0
0
0
0
0
0
0
0
0
0
0
0
0
0
0
0
0
0
0
0
0
0
0
0
0
0
0
0
0
0
0
0
0
0
0
0
0
0
0
0
0
0
0
0
0
0
0
0
0
0
0
0
0
0
0
0
0
0
0
0
0
0
0
0
0
0
0
0
0
0
0
0
0
0
0
0
0
0
0
0
0
0
0
0
0
0
0
0
0
0
0
0
0
0
0
0
0
0
0
0
0
0
0
0
0
0
0
0
0
0
0
0
0
0
0
0
0
0
0
0
0
0
0
0
0
0
0
0
0
0
0
0
0
0
0
0
0
0
0
0
0
0
0
0
0
0
0
0
0
0
0
0
0
0
0
0
0
0
0
0
0
0
