10
100
-0.215168
0.44128
-0.173693
0.650866
0.453217
-1.11353
-0.366061
0.775681
-0.0118707
-0.319424
0.0915025
-0.734476
-0.559552
0.446842
-0.532483
-0.385245
-0.475281
-0.474578
0.5765
0.0479739
-0.285335
-0.457517
0.0871048
0.217358
0.428469
-0.766022
-0.172632
-0.262927
0.137703
-0.552579
-1.30159
-0.837719
0.343509
-0.397144
0.142791
0.103507
-0.974669
-0.375094
0.546556
1.24114
0.137441
-0.209339
1.01596
-0.68714
-0.203983
-0.165213
-0.181165
-1.09275
-1.73602
-0.309003
-0.021776
0.412969
-1.08713
0.152102
-0.142023
0.374428
0.0583835
-0.42209
-1.3665
0.0755811
0.447912
-1.08811
0.560515
-0.13217
-0.383811
0.554624
-0.355096
-0.305929
-0.541529
-0.43373
-0.177502
0.6339
-0.348673
-0.956581
0.559705
-0.344058
-0.631533
1.07162
0.2613
-1.36323
-0.326617
-0.163
-1.28285
-0.700741
-0.472964
-0.619728
0.576825
0.422039
0.401307
-0.832872
1.22531
0.33575
-0.0447733
0.268593
0.358031
-0.60686
0.244208
0.120667
-0.0416123
-0.491932
0.578829
-0.567328
-0.0352032
0.554768
0.912497
0.00446017
-0.31119
-0.135124
-0.85837
0.425677
0.623174
-0.843451
-0.180011
-0.327213
-0.573411
-0.110969
0.789725
0.00525677
-0.993375
-1.0096
1.04604
-0.437958
-0.561351
-0.412421
-1.20855
-0.483982
-0.959872
-1.18578
-1.26478
-0.88644
0.233864
0.90842
-0.875251
-0.921216
-0.296518
0.299973
0.23632
0.535276
-0.0661209
-0.644651
-0.170252
-0.0372567
0.350419
-0.582615
0.749439
0.315063
-0.507407
0.329078
-0.166081
-0.348832
-0.900941
-0.904359
-0.153104
-0.0293056
-0.16683
-0.652946
0.0431925
-0.0880665
0.689874
1.0313
0.626361
1.03799
1.16489
-0.260024
-0.353931
-0.0398148
0.188105
0.360299
-0.106071
-0.652589
-0.320007
0.61287
0.264284
-0.577307
0.416835
0.1958
-0.661642
0.403094
0.198276
0.447926
0.300319
0.058451
0.0172912
0.156924
0.58268
0.0548381
0.647472
-0.145271
0.00106249
0.264468
0.172737
-0.573497
-0.630217
0.206416
0.171305
-0.827428
-0.593258
0.405875
0.37481
-0.177656
-0.771782
-0.595587
0.320882
0.178356
-1.49337
0.677701
-0.429689
0.673993
0.63529
-0.73534
-0.498018
0.33079
-0.764241
-0.6015
0.951082
-0.148321
-1.14519
-0.0314935
-0.873951
-1.15804
-0.986473
-0.358775
0.145079
-0.919548
1.40753
-0.856243
-0.193391
0.177026
1.04221
1.16043
1.39399
-0.778835
0.984224
-0.287627
0.129773
-0.518555
-0.780846
-1.26827
-1.4564
0.439785
0.603352
-0.031177
1.74684
-0.0870452
-0.845905
0.225541
0.205618
-0.696959
0.39324
-0.201775
1.32902
0.010756
-0.753772
-0.580577
0.448384
-1.06119
-0.468756
-0.130487
0.142951
0.972234
-1.49172
-0.221888
0.802511
1.51015
-0.155942
0.0207495
-0.352773
1.18423
-0.111097
-0.0154173
0.839918
0.0744555
0.154947
1.28334
0.740533
-0.599953
-0.853838
0.632642
0.535222
0.52569
0.653695
-0.15947
-1.13257
0.250237
0.200638
0.891706
-0.334472
-0.974568
-0.806798
-0.991366
0.535337
-0.729264
0.276614
0.00551487
-0.755574
0.114143
0.204635
0.462658
-1.91154
0.10283
-0.163341
0.597512
-0.0183601
0.76162
-0.581983
0.100532
-0.218314
0.412729
1.32502
0.948977
0.654849
0.779016
-0.0702363
-0.932975
-1.5261
-1.26495
1.42106
-0.19059
0.721658
-1.41277
-0.331142
-0.119598
-0.54946
0.401164
-0.689856
1.36539
-0.295265
0.740677
-0.00133431
1.02873
0.250874
1.02219
0.702415
-1.26601
0.448059
-0.380386
0.743445
-0.37496
-0.0334779
-0.551906
-1.21559
-0.677979
-1.67781
0.312395
-0.614227
0.246499
-0.324229
0.0259991
1.34045
-0.468267
-0.000826148
-1.0807
0.922055
-0.0608568
-0.899851
-0.757547
0.934374
-0.287444
0.0821258
-0.70513
1.04046
-1.4153
-0.502025
-1.27772
0.0820816
-0.440291
0.143059
-1.42208
0.191287
-0.495834
-1.83078
1.17067
0.942901
0.875831
-0.455663
-0.628387
-0.0696691
-0.382163
-1.36048
-0.918517
0.258644
-0.442916
0.632521
-1.02994
-0.73998
0.900332
0.103478
-0.67467
0.028953
-0.322556
-0.416129
-1.15095
-1.43293
0.41699
1.136
-0.923081
-0.715878
0.835882
1.18133
1.15109
0.774793
-0.776126
-1.1432
0.710808
-0.070521
-0.22599
-0.263019
-0.934959
-0.909801
0.652813
0.667267
-0.0661772
0.930295
0.601678
0.830048
-0.30657
-0.193359
-0.517953
-0.462302
-0.836958
-1.47877
0.962092
0.254928
-0.434431
-0.692223
0.98341
-0.162934
-0.567602
0.519845
-0.974734
-0.890698
0.0980498
-0.87823
0.637499
-0.111708
-0.475582
0.235775
-0.18881
0.425862
-0.156384
0.244801
-0.236082
-0.164173
1.02841
1.06262
0.21252
-0.807712
0.501355
-1.0477
0.11132
0.344639
-1.00508
0.440753
-0.658702
-0.699198
-0.574509
-0.585644
-0.138811
-0.953893
0.344848
-0.614978
-1.2527
0.0176522
-0.347363
-0.27891
0.568732
-0.000210273
0.0984943
-0.395587
-0.365937
0.416951
-1.67907
-1.76826
-1.4136
0.657954
1.00108
-1.40681
0.195284
0.42608
-0.809439
0.982417
-0.469365
0.81195
-0.252005
-0.60283
-0.495457
-0.591555
0.72023
0.427533
0.251223
-0.124574
1.67528
0.864397
0.164598
-1.20297
0.271279
-0.768257
0.597241
0.771018
-0.108527
-0.550643
-0.178338
-0.28047
-1.16322
-0.733181
-1.28128
-0.162428
0.365923
-1.23424
-1.0981
-0.397976
-0.863586
1.03828
0.170353
0.442298
2.21348
0.815531
-0.1863
0.659944
1.99081
0.460548
0.615897
0.426926
0.928911
-0.154679
-0.708589
-0.00470078
-0.218462
-1.29922
-1.46924
1.19764
0.347496
0.773709
0.97667
1.12942
0.889751
0.738303
-0.365965
-1.41015
-0.998776
-1.2484
0.238805
-1.47952
-1.48127
-0.108017
0.225619
0.427405
1.01932
-0.615707
-0.198878
-0.765461
0.493407
0.492198
0.628462
-0.536293
-0.224938
0.97203
0.330901
0.0944381
0.615908
1.08957
0.17701
-1.33896
0.819176
-0.130023
-0.818967
-0.252199
-0.743339
0.0536992
-0.168419
0.833246
-0.167539
-0.326725
-0.0821388
0.559599
0.288304
0.83616
-0.288744
0.983194
0.548659
-0.0115234
0.0669119
0.609581
0.902061
0.874453
-0.750987
-0.242598
0.147328
-0.0683493
1.25691
-1.24778
0.271535
1.12711
-1.59055
0.494031
0.601075
0.215215
-0.143591
-0.848986
-0.176578
0.587555
-0.0528206
0.0768218
-0.588051
-0.148922
0.0963746
-0.45429
0.0957975
0.453163
-0.470312
-0.196156
-0.252821
0.278788
0.345448
0.229875
0.327036
0.18589
-0.0363356
-1.2341
0.868867
-0.671687
-1.03773
-1.10084
0.152947
-0.680105
-0.0426563
-0.180539
-0.280137
-1.05938
-0.160699
-0.920043
-0.304606
0.402557
-0.0905221
-1.2793
0.360357
-1.05589
1.01156
1.06983
0.735722
-0.290888
-0.167848
0.60743
0.649186
0.285069
0.144782
-1.57525
0.0626777
1.09463
0.039536
-0.454479
0.182853
-0.339828
-0.0274018
-0.612115
1.05141
-1.53088
-0.416237
1.144
-0.721043
0.103718
1.07991
0.0029053
-0.958288
-0.141054
1.27486
-0.291199
-0.0602117
-0.454324
-0.368844
-0.110725
-0.810953
0.300872
-0.314283
-1.36727
-0.667785
-0.590915
0.946461
-0.12925
0.663043
1.01575
-0.3764
-1.2346
-0.866066
0.176704
-1.13906
-0.505293
0.0411485
0.643886
-0.118815
-0.123363
-0.255053
0.163413
-0.12484
-0.0837919
-0.756038
-0.267784
-0.374821
0.539385
-0.879817
0.549038
0.333053
0.16151
-0.621877
1.18137
0.243637
0.178175
-1.64186
-0.854555
-0.613749
0.74469
0.0507101
1.07435
0.489983
-0.146802
-0.325215
-1.02882
0.0499348
1.33284
-0.171903
0.494442
-1.11016
-0.703125
0.306302
0.6052
0.213235
-0.0771035
-0.281641
-0.00165007
-0.303772
0.42382
0.435898
-0.661472
-1.6332
-0.635053
1.13683
0.72995
0.431858
0.76223
1.05506
-0.410927
-0.0457028
0.40662
0.788935
-1.55433
-0.238033
0.238457
-0.740322
-0.428911
-0.0894758
-0.703952
1.07709
0.251584
-0.660287
-0.16662
-0.470217
-0.474162
-0.228243
-0.712371
-0.60599
-0.352462
-0.564041
-0.0232803
-0.971175
-0.338631
0.0589937
-0.243713
0.849525
-0.217019
0.236996
-0.936963
-0.23614
-1.24881
0.462147
-0.489903
1.87247
0.0267134
-1.30838
-0.471739
0.0146322
-0.0520838
-0.329697
-1.65444
1.03225
1.1272
0.377291
0.341269
1.09647
-0.573313
-0.0775074
0.39666
-1.02432
0.455197
-0.692821
-0.80548
-0.50002
0.166706
0.0820326
0.681996
0.77237
-1.61321
-0.208379
-0.0443736
-0.462655
1.56481
0.939254
-0.506717
0.482336
-0.732961
0.134516
-0.503134
0.390055
-0.484725
-0.542187
0.354509
-1.34812
0.490663
-0.539756
-0.529492
-0.0134253
1.38122
0.300925
0.500881
-1.45875
-0.0214933
-0.661192
-0.00857142
-0.368665
1.21478
1.20083
-0.16468
-1.23468
-1.67081
0.474627
-0.526639
-1.15872
-1.50151
1.67047
1.65488
-0.944745
0.392017
0.692628
0.149075
-1.34536
1.61774
0.11786
0.763478
-0.0315641
0.272157
-0.165394
0.356683
-0.130665
-0.47559
-1.53137
0.139692
0.650704
-0.885313
-0.514916
-0.408613
-0.889349
0.2339
0.329952
-0.200324
0.57412
-0.23332
-0.1642
-0.463786
0.203333
-0.471768
-0.0584565
-1.04048
-0.844114
0.6845
-0.224237
-0.908742
-1.17184
0.485941
-1.80782
0.331064
-0.463403
-0.815556
-0.57255
0.684752
-0.629367
-1.39138
-1.17745
-0.5952
-0.948235
-0.0230264
-0.416353
-1.41097
0.119654
-1.83902
0.828631
-1.10562
1.24663
1.94899
-0.641652
-0.714763
-0.470356
0.855193
0.540205
-0.509558
-0.763966
-0.592775
0.247803
-0.313291
-1.10889
0.160767
0.608921
-0.315178
-1.25191
-2.10663
1.45983
-1.31701
-0.220315
-1.26736
-0.0502946
-0.21806
0.190413
0.140836
0.772567
-0.953976
-0.659829
0.0666008
0.0998579
-0.581419
-0.118349
-0.210871
0.879096
-1.42735
0.203264
-1.34067
0.442426
-0.355538
0.461141
-0.0647377
-0.354717
-0.300213
-0.639504
-0.393872
0.303467
-1.05923
0.0343438
-0.183049
-0.227497
0.151191
-0.905282
-0.150204
-0.293159
-0.0932407
-0.996543
0.0587901
1.03289
0.108345
0.821063
-0.304252
-0.28133
-0.484935
0.310332
0.775166
1.34947
0.678433
-0.512183
-0.550343
-1.3342
-0.361324
-1.12452
-0.256413
-0.473568
0.640766
0.8189
2.15067
0.198457
0.308361
0.771027
0.773371
-0.22525
-1.29538
-0.671744
-1.92486
-0.299074
1.07867
-0.727756
0.222835
-0.0481034
1.17099
0.0988815
0.371813
0.178656
1.13159
-0.334331
0.553792
-0.318036
1.29413
0.937981
-0.835727
-1.92396
-0.365844
-1.29855
